34
1
0 0 0
0.5 1 0.5
0 0 0
1
10 30 20 0
0
1 1 1
0 0 0
0 0 0
1
-200000000 -10000000 100000000
-200000000 10000000 100000000
100000000 0 100000000
0
1 1 1
0 0 0
0 0 0
1
-200000000 -10000000 -100000000
-200000000 10000000 -100000000
100000000 0 -100000000
0
1 1 1
0 0 0
0 0 0
1
-200000 1000000 -10000000
-200000 -1000000 -10000000
-200000 0 2000000
0
1 1 1
0 0 0
0 0 0
1
2000000 10000000 -100000000
2000000 -10000000 -100000000
2000000 0 200000000
0
1 1 1
0 0 0
0 0 0
0
-2000000 -10000000 -100000000
2000000 -10000000 -100000000
0 -10000000 200000000
0
1 1 1
0 0 0
0 0 0
1
2000000 10000000 -100000000
-2000000 10000000 -100000000
0 10000000 200000000
0
0 0 0
0 1 0
1 1 1
1.05
-10 0 0
0 10 0
0 0 10
0
0 0 0
0 1 0
1 1 1
1.05
0 10 0
10 0 0
0 0 10
0
0 0 0
0 1 0
1 1 1
1.05
10 0 0
0 -10 0
0 0 10
0
0 0 0
0 1 0
1 1 1
1.05
0 -10 0
-10 0 0
0 0 10
0
0 0 0
0 1 0
1 1 1
1.05
0 -10 0
10 0 0
0 10 0
0
0 0 0
0 1 0
1 1 1
1.05
0 10 0
-10 0 0
0 -10 0
0
0 0 1
0 0 1
0.2 0.2 0.2
1.01
-5 0 1
0 5 1
0 0 5
0
0 0 1
0 0 1
0.2 0.2 0.2
1.01
0 5 1
5 0 1
0 0 5
0
0 0 1
0 0 1
0.2 0.2 0.2
1.01
5 0 1
0 -5 1
0 0 5
0
0 0 1
0 0 1
0.2 0.2 0.2
1.01
0 -5 1
-5 0 1
0 0 5
0
0 0 1
0 0 1
0.2 0.2 0.2
1.01
0 -5 1
5 0 1
0 5 1
0
0 0 1
0 0 1
0.2 0.2 0.2
1.01
0 5 1
-5 0 1
0 -5 1
0
0 0 0
1 0 0
0.9 0.9 0.9
1.0
-20 0 -10
0 20 -10
0 0 20
0
0 0 0
1 0 0
0.9 0.9 0.9
1.0
0 20 -10
20 0 -10
0 0 20
0
0 0 0
1 0 0
0.9 0.9 0.9
1.0
20 0 -10
0 -20 -10
0 0 20
0
0 0 0
1 0 0
0.9 0.9 0.9
1.0
0 -20 -10
-20 0 -10
0 0 20
0
0 0 0
1 0 0
0.9 0.9 0.9
1.0
0 -20 -10
20 0 -10
0 20 -10
0
0 0 0
1 0 0
0.9 0.9 0.9
1.0
0 20 -10
-20 0 -10
0 -20 -10
1
0 0 0
0 1 0
0.8 0.8 0.8
1.1
5 0 -10 0
1
0 0 0
1 1 0
0.8 0.8 0.8
1.1
10 -5 -20 -5
1
0 0 0
0 0 1
0.5 0.5 0.5
1.1
6 12 -10 5
1
0 0 0
1 0 1
0.5 0.5 0.5
1.1
3 10 -3 5
1
1 1 1
0 0 0
0 0 0
1
98000 -100000 0 0
1
1 1 1
0 0 0
0 0 0
1
98000 -100000 100000 0
1
1 1 1
0 0 0
0 0 0
1
98000 -100000 -100000 0
1
1 1 1
0 0 0
0 0 0
1
9800 10000 0 -20




